world: 0bd464cb-b073-46fa-8f8e-22c30a507dad
world-name: world
x: 323.934367665226
y: 64.0
z: 261.8028319681259
yaw: -312.6361999511719
pitch: 8.965456008911133
name: beach
lastowner: 000136ad-0148-3365-836f-32a88c9b5c02
