world: 0bd464cb-b073-46fa-8f8e-22c30a507dad
world-name: world
x: 569.0047800315483
y: 63.0
z: 415.3957265206893
yaw: 8.13623046875
pitch: 15.938998222351074
name: casa
lastowner: e0cdc293-5f39-3a5a-8ffc-e49cb7b61a84
