world: 0bd464cb-b073-46fa-8f8e-22c30a507dad
world-name: world
x: 572.3446668832868
y: 64.0
z: 426.13627225613845
yaw: 172.33673095703125
pitch: 21.92310333251953
name: Castilhosss
lastowner: 18d05a6d-ef29-35b5-96c0-5a4069bcdd2b
