world: 0bd464cb-b073-46fa-8f8e-22c30a507dad
world-name: world
x: 322.15867711629465
y: 64.0
z: 262.00433266308374
yaw: 170.29501342773438
pitch: 3.5910158157348633
name: farm
lastowner: 17b92faa-66a4-3976-8df4-f893531d7368
