world: 0bd464cb-b073-46fa-8f8e-22c30a507dad
world-name: world
x: 247.7128042915777
y: 63.0
z: 262.0451834864449
yaw: 25.0859375
pitch: 7.801054954528809
name: praia
lastowner: 158fdefa-e2c6-37e0-9496-b075fe584c58
