world: 0bd464cb-b073-46fa-8f8e-22c30a507dad
world-name: world
x: 204.03535341330888
y: 65.0
z: 278.27437510555734
yaw: 276.58447265625
pitch: 21.9005069732666
name: rocha
lastowner: 158fdefa-e2c6-37e0-9496-b075fe584c58
