world: 0bd464cb-b073-46fa-8f8e-22c30a507dad
world-name: world
x: 577.5325567861435
y: 64.0
z: 415.1020717515601
yaw: 106.80850219726562
pitch: 29.41659927368164
name: sla
lastowner: 37cc9d61-d48e-3ce0-8b1f-e199d43ede15
