jails:
  imrickss:
    world: 0bd464cb-b073-46fa-8f8e-22c30a507dad
    world-name: world
    x: 306.3243130618053
    y: 81.63183167873457
    z: 274.95867924071035
    yaw: -117.38322448730469
    pitch: -4.384737014770508
